 0.062788  2.202006  +1
 0.399658 -0.159441  -1
 1.912391  0.305206  +1
-0.828322  0.050735  -1
 1.869934  0.692885  +1
-0.536539  0.915961  -1
 0.046958  1.910453  +1
 0.052994  0.172158  -1
 1.032437  0.778068  +1
 0.789720 -0.790813  -1
 0.834403  0.709674  +1
-0.552946  0.400333  -1
 1.735140 -0.570199  +1
-0.757764  0.452612  -1
 2.142481  0.861647  +1
 0.536023 -0.118747  -1
 2.282414 -0.313810  +1
 0.317111 -0.302727  -1
 1.629077 -0.673848  +1
 0.371488  0.501819  -1
 1.274646  1.173516  +1
-1.035001 -0.290087  -1
 2.113910 -0.639830  +1
-0.179332  0.198584  -1
 0.868452  0.681661  +1
-0.262768 -0.376598  -1
 2.003832  0.080802  +1
-0.061737 -0.610047  -1
-1.332306  1.364113  +1
-0.071395  0.216192  -1
 1.820647  1.273645  +1
-0.381685  0.247305  -1
-1.058018  2.119562  +1
-0.606825  0.217174  -1
 1.702423 -1.341675  +1
-0.105262  0.477942  -1
-1.280227  2.443308  +1
 0.727439  0.407502  -1
-0.895893  2.142004  +1
-0.231632  0.167157  -1
 1.778869  0.588447  +1
-0.732355  0.628794  -1
 0.978819 -0.734647  +1
 0.699318  0.019470  -1
 1.735077 -1.229089  +1
 1.452700 -0.104663  -1
-1.219179  2.081643  +1
 0.177423  0.159138  -1
 1.939752 -0.212491  +1
 0.455639  0.411237  -1
 1.653967 -1.181426  +1
 0.086712  0.038207  -1
 0.966195  1.191874  +1
-1.177665  0.273542  -1
-0.413483  1.697996  +1
 0.410721  0.373197  -1
 0.367741  2.141597  +1
 0.641940  0.432500  -1
 2.365396 -0.892374  +1
 0.193726  0.202898  -1
 0.462583  1.176860  +1
-0.701075 -0.139279  -1
 3.042247  0.734492  +1
-0.530376  0.836494  -1
 0.356320  2.415404  +1
 0.073979 -0.480609  -1
-1.175645  1.869863  +1
-0.418144  0.173449  -1
 2.494279 -0.797990  +1
 0.269217  0.342902  -1
 2.022841 -0.727010  +1
 0.335186  0.080318  -1
 2.269617  2.351388  +1
-0.005551 -0.611489  -1
 1.995244 -0.210634  +1
 0.529761 -0.266854  -1
 1.010806  0.048724  +1
-0.370288 -0.529732  -1
-1.606905  1.942881  +1
-0.449099  0.596572  -1
-0.403561  1.136898  +1
 0.142079 -0.310765  -1
-0.303465  1.925801  +1
-1.018703  0.104299  -1
 0.250159  1.018581  +1
-0.335916  0.445826  -1
-0.393585  1.870348  +1
 0.040312  0.612930  -1
-0.907471  1.088465  +1
 0.576269 -0.371459  -1
 0.285404  0.568957  +1
-0.384674  0.071092  -1
 0.119506  0.908887  +1
-0.021920 -0.420124  -1
 2.044714  0.553628  +1
 0.267087 -0.553303  -1
-0.090343  0.925430  +1
-0.139560  0.018521  -1
 2.457609  0.147539  +1
 0.014057 -0.414887  -1
 1.026313  0.831983  +1
 0.474396 -0.649830  -1
-1.218745  1.521671  +1
 0.020854 -0.081538  -1
 2.737637  0.649569  +1
-0.415056  0.830375  -1
 1.999118 -0.404293  +1
 0.002764  0.381663  -1
 0.491291  1.325880  +1
 0.214403 -0.076787  -1
 1.768362  0.471348  +1
-0.310778 -1.178106  -1
 0.910261  0.980936  +1
 0.269126  0.371846  -1
-1.430390  1.635637  +1
 0.508037 -0.867480  -1
 0.366075  1.947724  +1
 0.260052 -1.068879  -1
 0.200905  1.325757  +1
 0.154799  0.788923  -1
-1.117191  1.383690  +1
-0.217292  0.520808  -1
 1.273071 -0.586211  +1
-0.753018 -0.929997  -1
-0.514025  1.773450  +1
 0.123737 -0.521868  -1
 1.590954  0.853653  +1
-0.473420  0.529298  -1
-0.788809  1.950286  +1
-0.591550 -0.006533  -1
-0.264412  1.422219  +1
-0.493488 -0.850151  -1
 2.317226  0.313956  +1
 0.207592 -0.091602  -1
-1.056803  2.076110  +1
 0.100980 -0.099268  -1
 2.745271  0.197332  +1
 0.754397 -0.749220  -1
 1.106336 -0.659698  +1
-0.032755 -0.342867  -1
 1.807534 -0.554864  +1
-0.412220  0.326662  -1
-1.022587  2.647323  +1
-0.700209  0.366702  -1
 1.277821 -0.824598  +1
 0.403871  0.131019  -1
 2.022764 -0.318744  +1
-0.398302 -0.302764  -1
-0.712558  1.309401  +1
-0.000646  0.589584  -1
-1.062731  2.406855  +1
 0.077396 -0.127859  -1
 2.242530  0.467303  +1
-0.504765 -0.492029  -1
-0.659804  2.455981  +1
-0.103840  0.255539  -1
 2.160535  0.414874  +1
-0.669012 -0.269536  -1
 1.328692 -0.193340  +1
 0.751956  0.007865  -1
 0.304335  2.938146  +1
 0.449550  0.040693  -1
-0.742122  1.351047  +1
 0.123571  0.102468  -1
 1.395223  3.014385  +1
-0.558189  0.304708  -1
-0.036122  1.360696  +1
-0.239530 -0.565252  -1
 2.534036 -2.198532  +1
 0.292716 -0.457584  -1
 1.201725  1.435660  +1
 0.775924  0.471363  -1
 1.723329  0.764976  +1
-0.568954  0.392114  -1
-0.996904  1.920921  +1
 0.439546  0.235646  -1
 0.829049  0.099075  +1
-0.446090 -0.078298  -1
-1.062099  1.604009  +1
-0.007557  0.454754  -1
 1.928455 -0.374242  +1
 0.334703 -0.380297  -1
 2.062787  0.115698  +1
 0.733077 -0.371930  -1
 0.030535  1.827105  +1
 0.389602  0.273954  -1
 1.478687  0.800918  +1
 0.892057  0.201338  -1
 0.276043  3.147264  +1
 0.130464 -0.304116  -1
 0.623627  1.989632  +1
-0.360197 -0.442504  -1
 1.883000  1.831874  +1
 0.272509  0.079213  -1
 0.666503  0.535973  +1
 0.021038  0.354140  -1
 0.570845  1.522181  +1
-0.245818 -0.590874  -1
 1.331733  1.826169  +1
 0.141424 -0.407908  -1
 0.678584  0.605306  +1
 0.126323  0.069109  -1
 1.707504  1.174606  +1
 0.467722  1.617633  -1
 1.589743 -1.145018  +1
-0.932060  0.455166  -1
 1.599277 -0.962179  +1
-0.479083  0.396043  -1
 2.672071 -0.595293  +1
 0.306801  0.574387  -1
 0.209194  2.910291  +1
 0.412587 -0.490298  -1
 0.132273  2.067396  +1
 0.074709 -0.343916  -1
 1.917355  0.206224  +1
 0.228454  1.132218  -1
 1.969203  1.086716  +1
 0.118915 -0.497585  -1
 1.395005 -0.392470  +1
-0.376851 -0.080391  -1
 1.921944 -0.598264  +1
-0.147420 -0.085429  -1
 0.747219  1.446757  +1
-0.035221 -1.102914  -1
 2.008648 -1.648042  +1
 0.616781  0.960239  -1
 0.700794  2.365558  +1
 0.011387 -0.176708  -1
 1.559517  1.565661  +1
 0.704750 -0.752673  -1
 1.974124  0.338983  +1
 0.057240 -1.103444  -1
-0.558698  2.255714  +1
 1.040880 -0.045350  -1
 1.047183  0.205356  +1
 0.444729  0.410773  -1
 1.699233  0.835721  +1
 0.762285  0.657136  -1
-0.373167  1.644528  +1
 0.686155 -0.314418  -1
-0.129790  1.002345  +1
 0.957845 -0.984707  -1
 1.955800  0.768757  +1
-0.200233 -0.967365  -1
 1.392291 -0.961806  +1
-0.023948 -0.292267  -1
 1.144829  0.252688  +1
 0.570827 -0.028921  -1
 1.610983  0.554076  +1
 0.020932 -0.233546  -1
 0.646318  2.246383  +1
-0.092319 -0.068840  -1
 1.545157  2.490042  +1
-1.321149  0.284215  -1
 1.473769 -0.167312  +1
 0.743184 -0.057332  -1
 2.217951  0.994993  +1
-0.158737 -0.137547  -1
-0.577845  0.757421  +1
 0.008803  0.092385  -1
 1.491761  0.885553  +1
-0.524536 -0.208343  -1
 2.344354  0.020741  +1
-0.037234 -0.648225  -1
-0.182005  1.603195  +1
-0.376347 -0.195087  -1
 0.830251  1.361747  +1
 0.125413 -0.079222  -1
-0.500677  1.033348  +1
 0.078500  0.436250  -1
 0.904790  1.821550  +1
 0.315787 -0.043379  -1
-0.721753  2.111997  +1
 0.089325  0.315378  -1
 1.473620 -0.420847  +1
-0.797840  0.393019  -1
 0.688226  2.108266  +1
-0.625561  0.185439  -1
 1.633055  1.626646  +1
 0.175050 -0.059995  -1
 0.080818  2.221117  +1
 0.058232  0.258008  -1
 1.888823 -1.208395  +1
-0.514932 -0.513134  -1
 1.818324  1.336994  +1
-0.388357  0.682963  -1
-0.552999  0.622404  +1
 0.404751  0.026151  -1
 1.676780  0.107281  +1
-0.568668 -0.442466  -1
 2.067035  0.002032  +1
-0.251139  0.585707  -1
 0.423218  0.435030  +1
-0.291705  0.097728  -1
 0.837750  1.737733  +1
-0.206934  0.098470  -1
-0.024437  2.259975  +1
-0.717056  0.884807  -1
 1.299199 -0.455428  +1
 0.761659  0.405520  -1
-0.751152  0.799959  +1
-0.737854  0.717878  -1
 1.628318 -1.059871  +1
-0.024901  0.294582  -1
 0.699022  1.799132  +1
 0.042765  0.256586  -1
-1.263714  1.540226  +1
 0.454175  0.516117  -1
-0.828497  1.341013  +1
 0.629482  0.754572  -1
 1.930699  1.208605  +1
 0.930929  1.039253  -1
-0.035157  1.882190  +1
 0.613577  0.014911  -1
 2.706023 -0.361217  +1
 0.498146 -0.363666  -1
 2.417296 -1.022220  +1
-0.362143  0.354533  -1
 2.137632  0.928830  +1
-0.889902 -0.446810  -1
 2.920154  0.915289  +1
-0.024037 -0.210228  -1
 1.214363 -0.530498  +1
-0.220432 -0.319661  -1
 0.001577  1.604723  +1
-0.301225  0.881794  -1
 1.036740 -0.629303  +1
 0.978557  1.827339  -1
 0.669998  2.197990  +1
-0.947629 -0.312698  -1
 1.382984  2.171111  +1
 0.013600  0.680159  -1
 1.498170 -1.017639  +1
-0.264819  0.400750  -1
 0.746799  2.257566  +1
 0.066201  0.222928  -1
 1.516574  0.957686  +1
-0.459096  0.253998  -1
 1.645620  0.573235  +1
-0.471484 -0.760392  -1
 0.804631  2.197998  +1
-0.173848 -0.199058  -1
-1.680286  2.494769  +1
-0.440547  0.216065  -1
-0.788018  1.286780  +1
-1.190863  0.904277  -1
-0.110691  1.785143  +1
-0.041436 -0.430139  -1
 1.060163  0.355331  +1
 0.194508 -0.107487  -1
 0.294392  2.172832  +1
 0.075606  0.131308  -1
 2.202937 -0.762518  +1
 0.075339  0.341142  -1
 0.616448  1.747524  +1
-0.052829  0.758025  -1
 2.931394  0.060520  +1
 0.741698 -0.844002  -1
 0.027115  3.064859  +1
-0.544774 -0.336240  -1
 2.467867 -0.319555  +1
-0.116701  1.176322  -1
 1.608791  0.980872  +1
-0.169121  0.019142  -1
-1.227189  1.569812  +1
-0.482194  0.078361  -1
 1.562500 -0.426362  +1
-0.306864 -0.241264  -1
-0.263538  1.630697  +1
 0.370671 -0.370388  -1
 0.395847  0.400544  +1
 0.142227  0.948991  -1
 2.277316  0.381834  +1
-0.330369 -1.118113  -1
 1.015146  0.842966  +1
 0.233536 -0.621898  -1
 1.388638  0.689757  +1
 0.092634  0.194267  -1
 1.990583 -0.935646  +1
-0.443097 -0.883557  -1
 1.754554 -0.262357  +1
-0.657721 -0.949163  -1
-0.653242  1.987841  +1
-0.306655  0.389837  -1
 0.756164  1.296925  +1
-0.034523 -0.270472  -1
 0.338128  1.880367  +1
 0.556912  0.407216  -1
 1.244172 -0.956956  +1
-0.669792  0.546508  -1
 1.751677 -1.035195  +1
 0.145930  0.313939  -1
 1.608962  0.289324  +1
-0.493306  0.034222  -1
 0.088473  2.726473  +1
 0.248284  0.034960  -1
 1.770178  0.376142  +1
 0.747659 -0.111521  -1
 2.458149  1.525366  +1
-0.097360 -0.186521  -1
 1.568433  0.623627  +1
-0.359215 -0.460175  -1
 2.763232  0.363326  +1
-0.329905 -0.320235  -1
-0.558349  2.506240  +1
 0.423008 -0.354034  -1
 2.089955  0.709635  +1
 0.160700  0.166625  -1
 1.878675 -0.947020  +1
 0.485781 -0.178999  -1
 1.816077  0.681061  +1
-0.170390 -0.329257  -1
-0.635666  1.705216  +1
 0.565944  0.444515  -1
 1.593323 -0.899829  +1
 0.007147  0.113877  -1
 1.277231  1.737044  +1
-0.505197 -0.650549  -1
 1.256254  0.939020  +1
-0.418453 -0.719940  -1
 0.529706  0.996599  +1
 0.464432 -0.305596  -1
-1.063326  1.177990  +1
-0.404672  0.009992  -1
-1.209012  1.571879  +1
-0.625843 -0.648071  -1
 1.313051 -0.993598  +1
 0.256793  0.767498  -1
 1.975324 -1.220385  +1
-1.114316 -0.018333  -1
 1.495529 -0.646335  +1
 1.255583 -0.113333  -1
 0.669916  1.248523  +1
 0.363665 -0.281107  -1
 0.403345  2.592785  +1
 0.041598 -0.044946  -1
 2.360552  0.030166  +1
-0.046475  0.041817  -1
 2.660013  1.295290  +1
-0.351662 -0.353455  -1
 0.194240  1.523596  +1
 0.543037  0.455220  -1
 1.527874  1.754055  +1
 0.131388 -0.204913  -1
-0.611561  1.937780  +1
 0.086228  0.677372  -1
 1.278973 -0.013830  +1
 0.178281 -0.323313  -1
 1.528831  1.947765  +1
 0.950717 -0.171204  -1
 0.770720  3.491833  +1
 0.093419 -0.674352  -1
 1.664532 -1.538526  +1
-0.724538 -0.050659  -1
-0.317641  1.452672  +1
 0.112564  0.054779  -1
-0.006781  2.299428  +1
-0.502388  0.154951  -1
 2.150707 -1.956761  +1
 0.740902  0.016609  -1
 0.570069 -0.570069  +1
-0.321272  0.016804  -1
 3.208847  0.116758  +1
-0.187895 -0.046677  -1
 0.121735  2.525455  +1
-0.440736 -0.866373  -1
 2.107114 -0.197342  +1
-0.075371 -0.001172  -1
 0.957865  2.252756  +1
-0.033011  0.867686  -1
 0.518947 -0.040380  +1
 0.424802  0.591390  -1
 0.565667  1.756204  +1
-0.724227 -0.402013  -1
-0.662041  1.797533  +1
 0.222423 -0.024773  -1
-0.258451  1.728435  +1
-0.556678 -0.196637  -1
 0.958165  2.048946  +1
-1.047400  0.237873  -1
 2.268250 -0.086998  +1
-0.302127 -0.998389  -1
 1.457260  1.608037  +1
-0.091615 -0.861306  -1
 1.730229 -1.611911  +1
-0.482569 -0.413064  -1
 2.361143 -0.438972  +1
-0.080374 -0.401172  -1
-0.620645  1.839742  +1
-0.519119 -0.019900  -1
 0.869177  1.767257  +1
-0.962714 -0.015843  -1
 1.135168  1.622696  +1
 0.476592 -0.267426  -1
 0.573622  2.460586  +1
-0.118089  0.495091  -1
 1.272698  0.728689  +1
-0.511809  0.078372  -1
 1.274165  1.883786  +1
 0.364398  0.110613  -1
 0.715507  2.963611  +1
 0.560639 -0.768485  -1
 2.438522  0.488168  +1
-0.450209 -0.583062  -1
 1.148918  0.764012  +1
-0.560106 -0.434303  -1
 2.154041  0.352462  +1
 0.332089  1.189877  -1
-0.202739  1.995577  +1
-0.494754  0.003083  -1
 1.929034  1.614706  +1
 0.318416 -0.021504  -1
 1.370068  1.251450  +1
-0.088724  0.507112  -1
 1.771023 -0.798684  +1
 0.382679 -0.162656  -1
-0.520113  0.687336  +1
 0.742082  0.075023  -1
-1.521616  1.869501  +1
-0.588778 -0.439135  -1
 1.330720 -0.368744  +1
 0.502239  0.170157  -1
 2.037458  0.227249  +1
-0.307643  0.102598  -1
 2.169789  0.173127  +1
-0.337211 -0.930878  -1
-0.925565  2.341205  +1
-0.670696 -0.460303  -1
-0.750992  1.990637  +1
 0.079464  0.545401  -1
-0.478991  1.132695  +1
 0.318856  0.393557  -1
 1.997243 -0.948382  +1
-0.223929  0.824775  -1
-0.235230  1.238142  +1
 0.074056 -0.339411  -1
 1.841945  1.399521  +1
 1.171515 -0.192589  -1
 1.408320  0.123522  +1
-0.692385  0.020365  -1
 1.588402 -1.282475  +1
-0.190769  0.327213  -1
 1.518580  0.285417  +1
-0.529083  0.577155  -1
-0.842380  1.671093  +1
-0.211540  0.935192  -1
 1.239833 -0.961400  +1
 0.175272 -0.404492  -1
-0.669219  2.009782  +1
 0.516027  0.209260  -1
 1.095164  0.792070  +1
-0.316564 -0.216906  -1
 1.648996  0.474441  +1
-0.549267  0.794326  -1
-1.391407  1.517290  +1
 0.019667 -0.375446  -1
 0.956900  1.426783  +1
 0.600106  0.355633  -1
-1.715038  1.840926  +1
 0.852153 -0.802729  -1
 0.414323  2.887172  +1
 0.206289  0.055636  -1
 1.290540 -1.155744  +1
-0.775325 -0.159204  -1
 1.913133  0.009403  +1
-1.197256 -1.011086  -1
 0.875131 -0.071558  +1
-0.137080  0.531069  -1
-1.452093  2.269745  +1
-0.302322 -0.121586  -1
 1.624817  1.778824  +1
-1.013914  0.598190  -1
 2.244779 -0.537290  +1
 0.032679 -0.728362  -1
 1.609020  0.938129  +1
 0.050997 -0.125838  -1
 0.275290  1.566246  +1
 0.552664  0.358543  -1
 0.925913  2.328686  +1
 0.652211  0.221798  -1
-0.723677  1.604702  +1
-0.054874  0.324032  -1
 0.992498  1.733456  +1
 0.094147 -1.169356  -1
 1.831142  0.284860  +1
-0.029688 -0.230056  -1
 0.336594  0.302632  +1
-0.757330  0.046221  -1
 1.670776  0.634075  +1
 0.262224  0.328869  -1
 2.986183 -0.422541  +1
-0.190105 -0.476593  -1
 1.349668 -0.700439  +1
 0.304927  0.641366  -1
-0.648991  1.352986  +1
-0.313464 -0.930819  -1
-0.919655  1.185998  +1
 0.304763 -0.652794  -1
 1.576712 -0.898642  +1
 0.472035  0.013056  -1
 0.394571  2.828585  +1
-0.092450  0.394344  -1
 0.855174  1.013524  +1
-0.089425  0.652323  -1
 1.135393  2.585162  +1
-0.193621 -0.123552  -1
-0.160745  2.176434  +1
 0.005710 -0.256428  -1
 2.411357  0.182863  +1
-0.205145 -0.752021  -1
 1.122929 -0.433756  +1
 0.171246 -0.278453  -1
 2.827531 -0.723972  +1
-1.019347 -0.301573  -1
 1.791119 -1.735646  +1
-0.033878  0.183437  -1
 1.546955  1.185008  +1
 0.610906  0.121849  -1
 1.693878 -0.212566  +1
 0.256813  0.792427  -1
 1.282014 -0.344415  +1
 0.311239 -0.520419  -1
 2.147638  1.870705  +1
-0.023683  0.123622  -1
 1.841983 -0.770409  +1
 0.766911 -0.000572  -1
 2.228134 -0.741926  +1
-0.419326 -0.368382  -1
-0.884809  1.982766  +1
-0.466575  0.230060  -1
 1.422934 -0.424588  +1
 0.193917 -0.478871  -1
 1.456226 -0.176930  +1
 0.001479  0.191498  -1
-1.436022  1.961069  +1
-0.013083  0.752325  -1
 1.825600  0.701057  +1
-0.251072  0.188210  -1
 1.929918  1.094930  +1
-0.165568 -0.527171  -1
 1.281902 -0.658886  +1
-0.264604  0.882008  -1
 1.212233 -1.202737  +1
-1.044177 -0.636573  -1
-0.872355  2.232243  +1
-0.276374  0.077025  -1
 1.353112 -1.240851  +1
-0.175854  0.486022  -1
-0.238895  1.789663  +1
 0.222002 -0.969787  -1
-0.320936  1.389020  +1
-0.999178  0.834349  -1
-1.363139  1.924313  +1
 0.189739 -0.752854  -1
 1.014769  1.805126  +1
-0.151875  0.553409  -1
 0.579879  1.603551  +1
-0.359352 -0.054303  -1
 1.974743  0.904609  +1
 0.435975 -0.106522  -1
-0.178868  2.298733  +1
 0.133891  0.561458  -1
 1.372639  1.314519  +1
 0.231377  0.167337  -1
 1.491026 -0.542505  +1
 0.217661 -0.786754  -1
 1.545072 -0.350599  +1
-0.219278 -0.512332  -1
 0.570699  1.846171  +1
-0.987210  0.127994  -1
 1.897901  2.013272  +1
 0.610914 -0.201001  -1
-0.286006  2.021262  +1
-0.561081 -0.360983  -1
-0.081209  1.618562  +1
-0.148470  0.151540  -1
 0.823091  2.393146  +1
 0.196904 -1.585034  -1
 1.349614 -0.035828  +1
 0.081877  0.421256  -1
 2.006596 -0.148201  +1
 0.050188 -0.016848  -1
 0.978189  1.352503  +1
 0.030629  0.080266  -1
-1.555698  1.851133  +1
 0.419267 -0.176037  -1
 1.861224  0.681346  +1
 0.893144 -0.429348  -1
-0.936699  2.606282  +1
-0.499234  0.403324  -1
-1.667821  1.804417  +1
-0.025144  0.342747  -1
-0.871725  1.374455  +1
-0.121941 -0.199157  -1
-0.694189  0.880842  +1
 0.046762  0.688351  -1
 1.143145 -0.488717  +1
 0.069652 -0.003310  -1
 1.640116 -0.943342  +1
 0.244662  0.391800  -1
-0.231655  3.313865  +1
 0.563713 -0.170004  -1
 1.863019  1.991903  +1
-0.168789 -0.456969  -1
 3.212012  0.473836  +1
 0.488916  0.030855  -1
-1.011316  1.875930  +1
 0.084942 -0.172798  -1
 0.701210  1.704707  +1
 0.219861 -1.090000  -1
-0.569991  1.333250  +1
-0.071030 -0.217222  -1
 1.696454  0.785212  +1
 0.087033  0.657839  -1
 1.698270 -0.572919  +1
 1.081507 -0.059057  -1
-1.174930  1.935629  +1
 1.022979 -1.017078  -1
-1.181790  1.800106  +1
 0.427010 -0.369228  -1
 1.887626 -0.475415  +1
 0.828858  1.095850  -1
-1.638876  1.651815  +1
 0.316371  0.019362  -1
 0.511653  1.805012  +1
-0.333609  0.589963  -1
 0.632494  2.372934  +1
-0.545315 -0.041056  -1
 1.867488 -0.541282  +1
-0.391486  0.074190  -1
-0.309394  1.780811  +1
-0.107216  0.529826  -1
 0.739312 -0.343961  +1
-0.330104 -0.336466  -1
-0.495531  1.815986  +1
-0.024037  0.252330  -1
 2.001734  1.156577  +1
 0.095310 -0.268153  -1
 1.422545  0.611477  +1
 0.408754  0.451217  -1
 1.465619  1.696003  +1
-0.222464 -0.493481  -1
 1.827366 -0.034133  +1
 0.133724  0.843965  -1
 1.654473  1.119061  +1
 0.339867 -0.003550  -1
 2.046931  0.597657  +1
-0.548824 -0.285719  -1
 1.274831  1.211278  +1
-0.347254  0.058617  -1
 0.030471  2.384387  +1
-0.063754  0.212365  -1
-0.802229  1.742196  +1
 0.061658  1.257385  -1
 0.051865  0.994630  +1
-0.763801 -0.236770  -1
 0.462512  2.176649  +1
 0.357604  0.184299  -1
 2.145625  0.196694  +1
 0.446500  0.565496  -1
-0.929154  1.600851  +1
 0.160707 -0.004796  -1
 1.289365 -0.069776  +1
-0.062538  0.704079  -1
-0.872212  1.399434  +1
-0.416649  0.470228  -1
 0.847242  1.440093  +1
-0.795386  0.502593  -1
 1.943201 -0.505694  +1
-0.866944  0.406718  -1
 2.812414  0.403595  +1
 0.129572 -0.038128  -1
-0.747436  1.264754  +1
 1.149580  0.571694  -1
 1.221606  1.436310  +1
 0.788419  0.046415  -1
 1.112019 -0.047031  +1
 0.451038 -0.730089  -1
 1.963549  0.063716  +1
-0.754052 -0.392579  -1
 1.501716  0.543053  +1
-0.330541  0.586906  -1
-0.186073  2.074618  +1
-0.384683  0.156404  -1
-0.070083  2.299191  +1
 0.114646 -0.258744  -1
 2.320106 -1.458728  +1
 1.174795  0.363175  -1
 2.473465 -1.651838  +1
-0.246069  0.319269  -1
 0.845762  1.518434  +1
-0.320235  0.038548  -1
-0.913973  1.924780  +1
-0.530954  0.304078  -1
 2.531126 -0.532635  +1
-0.074551 -0.003814  -1
 0.423014  2.029991  +1
 0.746973 -0.418896  -1
-0.779890  1.593619  +1
 0.404332  0.030896  -1
 2.342724  0.664074  +1
 0.379191  0.572599  -1
 2.782646 -0.483451  +1
 0.279732 -0.672352  -1
-0.151182  2.292204  +1
-0.653427  0.979578  -1
 1.385316 -0.064047  +1
 0.251365 -0.185970  -1
 0.900509  1.320141  +1
 1.047896 -0.400117  -1
 0.343068  1.228669  +1
-0.174047 -0.646248  -1
-1.756975  1.856454  +1
-0.046967 -0.361475  -1
 1.382751  1.303512  +1
-0.101719 -0.107131  -1
 1.479502  0.182710  +1
-0.655045 -0.360149  -1
 1.766054  0.182929  +1
 0.288240 -0.002674  -1
 0.073722  1.228022  +1
 0.142664  0.609865  -1
 1.488361 -0.809946  +1
 0.002724  0.059454  -1
 0.234597  2.452953  +1
 0.516833 -0.003884  -1
-1.259793  1.839070  +1
 0.562823 -0.407195  -1
-0.253759  2.159451  +1
-0.373457 -1.079686  -1
 1.816244  1.324495  +1
 0.632084  0.389728  -1
 1.539549 -1.503650  +1
 0.205982  0.146040  -1
-0.615772  1.153050  +1
 0.121598 -0.453052  -1
 0.918138  0.356727  +1
 0.277158  1.042040  -1
 0.222192  1.325189  +1
-0.398180 -0.754024  -1
 0.195264  0.744322  +1
-0.463246 -0.007326  -1
 1.285987 -0.981094  +1
 0.387995 -0.628107  -1
 1.565471  1.218845  +1
 0.424921  0.196085  -1
 1.967001  1.341753  +1
-0.141448  0.395073  -1
 0.299700  2.786447  +1
 0.296769  0.885498  -1
 1.732889  1.065903  +1
-0.017299  0.043347  -1
 2.376045  0.198989  +1
-0.164745  0.320084  -1
 1.179537  1.231690  +1
-0.647082  0.613247  -1
 1.368198 -0.953132  +1
 0.268974 -0.377656  -1
-0.519407  0.981875  +1
 0.062719  0.465500  -1
 0.905818  1.284066  +1
-0.045384  0.133795  -1
 0.613054  1.110895  +1
 0.393221 -0.734462  -1
 0.739894  1.615174  +1
-0.604172 -0.368820  -1
-0.549370  3.577760  +1
-0.050127  0.340855  -1
 1.492762 -0.265400  +1
 0.460152 -0.194105  -1
-0.408340  1.388383  +1
 0.014301 -0.699967  -1
 1.449856  1.119701  +1
-0.006918 -0.694278  -1
 0.709003  1.649428  +1
 0.329694  0.035304  -1
 2.113079  0.554341  +1
 1.103584  0.186346  -1
 1.070504 -0.437880  +1
 0.478843 -0.435903  -1
 1.408059  0.417136  +1
 0.175623  0.359324  -1
 1.131174 -1.062159  +1
 0.035174 -0.090160  -1
-1.237556  1.718222  +1
-0.843163 -0.933455  -1
 2.172662  0.883725  +1
-0.556889  0.747843  -1
 0.545915  0.636772  +1
-0.375608 -0.330434  -1
 0.681517  0.457073  +1
 0.815338  0.184880  -1
 1.891736 -1.818780  +1
 0.135833  0.564582  -1
 1.982890 -0.625798  +1
 0.683446  0.244154  -1
 1.128717 -0.971523  +1
 0.046681 -0.461458  -1
-0.134023  2.308322  +1
 0.050149  0.080891  -1
 0.469598  2.050807  +1
-0.341950  0.684729  -1
-1.471570  1.542694  +1
-0.039898 -0.019405  -1
 0.842706  2.652001  +1
 0.266377  0.338057  -1
-1.123172  1.952772  +1
 0.238689 -0.196746  -1
 1.805478  1.742691  +1
 0.391151  0.687106  -1
 1.301186 -1.042152  +1
 0.649143 -0.680182  -1
 1.753669  0.077622  +1
-0.243390  0.157559  -1
 0.645879  1.486441  +1
-0.670749 -0.294740  -1
-0.396052  2.227623  +1
-0.552790  0.202558  -1
 1.107280  1.753468  +1
 0.599150  0.448786  -1
 1.103568  0.953660  +1
-0.575679  0.015913  -1
 1.675266  1.566869  +1
-0.234651 -0.257126  -1
 1.440730  0.612594  +1
 0.207070  0.753501  -1
 1.527971  0.492154  +1
 0.886602  0.571805  -1
 1.441522  2.009728  +1
 0.322593  0.073128  -1
 2.613497 -0.401306  +1
-0.322604  0.068360  -1
-1.008143  1.690689  +1
 0.722295  0.022722  -1
 1.005988  1.136737  +1
-0.688560  1.048113  -1
-0.581937  2.200635  +1
-0.164410  0.001929  -1
 1.541002  0.214961  +1
-0.454182  0.771498  -1
 1.005312  1.605946  +1
 0.304881  0.440934  -1
-0.394370  1.676758  +1
 0.699182  0.436548  -1
 1.146422  1.768886  +1
 0.164303  0.030070  -1
 1.865086  0.458057  +1
-0.065901 -0.263303  -1
 0.846372  1.230355  +1
 0.556471 -0.667849  -1
 2.370916  0.533096  +1
-0.033227  0.126145  -1
 0.874885  1.727120  +1
 0.176296 -0.614400  -1
 0.197037  2.149364  +1
 0.248119  0.518687  -1
 0.375916  1.916923  +1
-0.252849 -0.502276  -1
 2.259821 -0.559716  +1
 0.052319  0.056778  -1
 1.301067  0.037099  +1
 0.629273 -0.934971  -1
 1.429300  1.865863  +1
 0.257228 -0.345414  -1
 2.321065 -1.421409  +1
-0.489449  0.155650  -1
-0.374725  1.171281  +1
-0.195179  0.123205  -1
 3.107787 -0.009165  +1
 0.141077 -0.368555  -1
 2.429987 -0.521338  +1
-0.073262 -0.186433  -1
 2.467951 -1.381004  +1
-0.238176 -0.380968  -1
 1.271590  2.438474  +1
-0.458112 -0.599109  -1
 1.666857 -0.924144  +1
 0.243428 -0.427432  -1
 0.063235  1.127410  +1
-0.232961  0.710864  -1
 2.244683  1.610048  +1
-0.945926 -0.888813  -1
 1.472063 -0.778713  +1
-0.075160 -0.180201  -1
 1.772491  1.737983  +1
-0.721683  0.116239  -1
 0.793783  1.214290  +1
 0.255462 -0.456025  -1
 0.725824  1.091491  +1
-0.098132 -0.408121  -1
 0.891229  1.742356  +1
-0.068610  0.359194  -1
 2.357148 -0.202074  +1
-0.428085 -0.125538  -1
-0.356926  1.491223  +1
-0.163692  0.532964  -1
-0.494840  1.964754  +1
 0.597179 -0.069012  -1
 1.339471  1.883041  +1
 0.250668 -0.323162  -1
-0.880465  1.588074  +1
 0.061550 -0.652940  -1
 1.849846 -1.505619  +1
-0.033414 -0.632446  -1
 1.633649  0.671981  +1
-0.346687  0.047835  -1
 2.100105  0.586390  +1
-0.645968 -0.103621  -1
 1.265668  1.111245  +1
 0.084725 -0.038502  -1
 0.618489  1.731579  +1
-0.039967 -0.337687  -1
 0.216668  1.942598  +1
 0.137982 -0.272663  -1
-0.624880  2.255061  +1
-0.513341 -0.780400  -1
 1.301692  1.179639  +1
-0.054387 -0.428212  -1
 1.971483  1.077884  +1
 0.226537  0.369301  -1
 2.867778 -0.166505  +1
 1.195771  0.218762  -1
-0.274970  1.359654  +1
-0.171337  0.036186  -1
 0.068561  0.859269  +1
-0.444594 -0.006875  -1
-1.269551  1.967332  +1
-0.632202  0.055633  -1
-1.026987  2.077802  +1
 0.133543  0.227272  -1
 1.260570 -0.679575  +1
-0.302886 -0.426823  -1
 1.248700 -0.257646  +1
-0.529252 -0.706173  -1
 0.301922  2.526454  +1
 0.565897  0.338627  -1
 2.704948 -0.960167  +1
 0.410097  0.609702  -1
 1.200432  0.572915  +1
-0.424696 -0.011279  -1
 1.200051 -0.808263  +1
 0.168872  0.696474  -1
 1.808260 -0.090727  +1
 0.407597  0.479122  -1
 2.181556  0.053621  +1
-0.111948  0.149716  -1
 0.583632  2.336689  +1
 0.259802 -0.558423  -1
-0.195042  1.847552  +1
 0.193854  0.586782  -1
 1.953102 -0.994188  +1
 0.525960 -0.447966  -1
 1.222064  1.582402  +1
 0.376497 -0.860624  -1
 1.579464 -1.392264  +1
-0.041544  0.282881  -1
 1.301948 -0.039686  +1
-0.268040 -0.850158  -1
 1.248223  1.399331  +1
-0.076397 -0.264892  -1
 2.220695 -0.155237  +1
-0.558884 -0.025057  -1
 1.672418  1.433790  +1
 1.010874 -0.984801  -1
-1.078539  1.357521  +1
 0.356152  0.740900  -1
-0.040245  1.779772  +1
-1.044102  0.596266  -1
 2.226884  0.037216  +1
 0.492187  0.658186  -1
-1.005252  1.140415  +1
 1.266173 -0.362974  -1
 1.056704  3.112113  +1
 0.036253  0.160543  -1
 1.724390 -1.426197  +1
-0.416637  0.318193  -1
-0.118364  2.187217  +1
 0.212694 -0.113746  -1
 1.725546  0.438203  +1
-0.384304 -0.457814  -1
 1.610614 -1.342795  +1
 0.026146  0.000096  -1
 1.340674  2.320359  +1
 0.036467  0.424767  -1
 3.082282  1.716820  +1
-0.184654 -0.428503  -1
 0.975504  1.232804  +1
-0.092435 -0.181179  -1
-1.110396  1.554526  +1
 0.871229  1.058179  -1
 1.469962  0.880448  +1
 0.006897  0.560169  -1
 2.661240  1.361246  +1
-0.303965 -0.395532  -1
 0.412070  1.902439  +1
 0.115826  0.239969  -1
-0.720846  2.815322  +1
-1.756501  0.726493  -1
 1.139298  0.342394  +1
-0.532137  0.521859  -1
-1.715954  1.770796  +1
-0.877617 -0.182566  -1
 2.005928  1.277763  +1
-0.574142 -0.771065  -1
 0.629498  1.639257  +1
-0.534162  0.538015  -1
 2.008500 -0.045417  +1
 0.349973  0.231870  -1
-0.676236  2.202917  +1
 0.291479 -0.367937  -1
 0.645709  1.226462  +1
 0.346732  0.278868  -1
-0.635432  1.746427  +1
 0.794900  0.702318  -1
-0.565038  1.366021  +1
-0.386033  0.625909  -1
-1.353872  2.080003  +1
-0.730588  1.067333  -1
 1.400507 -0.547315  +1
-0.336882  0.052120  -1
 1.879429 -1.244469  +1
-0.265307  0.300062  -1
 0.212904  1.063510  +1
-0.304362  0.152696  -1
 0.769464  2.027522  +1
-0.424688  0.055028  -1
-0.043212  1.126627  +1
-0.755081 -0.060385  -1
 2.159957 -1.036073  +1
 0.009076  0.161480  -1
 1.059617  1.406032  +1
-0.422539 -1.018122  -1
-0.023153  1.570167  +1
-0.348114  0.038071  -1
 0.795545  1.754850  +1
 0.041526  0.267034  -1
 2.182886  0.770024  +1
-0.310621 -0.296159  -1
 1.864236 -1.161905  +1
-0.256914  0.289486  -1
 2.264302 -0.221048  +1
-0.803134  0.026590  -1
 1.631886  0.986173  +1
 0.517971 -0.875738  -1
 1.903677  1.244437  +1
-0.521298  0.408865  -1
 1.413297 -1.026396  +1
 0.324805 -0.348980  -1
 1.727852 -0.420753  +1
-0.230651  0.037454  -1
-0.617545  0.909151  +1
 0.061095  0.724622  -1
 1.930307  0.875087  +1
-0.962379  0.306834  -1
 1.560530 -1.488584  +1
 0.007754  0.145415  -1
-0.535651  1.239421  +1
-0.815050  0.273014  -1
 1.236726 -0.327040  +1
 0.613698  0.451311  -1
-1.739563  1.809341  +1
 0.275698  1.279421  -1
 1.374900  1.765906  +1
 0.113590  0.595969  -1
 1.481879  0.529301  +1
 0.563192 -0.555529  -1
 2.527578  0.171697  +1
-0.314958 -0.341773  -1
 1.707270 -1.615785  +1
-0.318636  0.170301  -1
-0.276501  1.900197  +1
 0.995640 -0.596500  -1
-0.998312  1.494875  +1
-0.054375 -0.509696  -1
 1.001174  2.056015  +1
-0.116423  0.728506  -1
-0.846161  1.936948  +1
 0.691621 -0.204152  -1
 0.213602  1.112374  +1
 0.196375  0.032073  -1
 3.043462 -0.715816  +1
 0.359935 -1.196530  -1
 0.161102  1.923655  +1
-0.442732  0.012391  -1
 1.390560  0.301197  +1
-0.387562  0.386173  -1
 1.433963  0.443275  +1
-0.028358  0.298133  -1
 1.054057  1.074986  +1
 0.564850 -0.082048  -1
 1.602812  2.959177  +1
-1.083433 -0.083468  -1
-0.182152  1.324833  +1
-0.347621  0.214250  -1
 1.027343  1.730613  +1
 0.132375  0.426234  -1
-1.018499  1.368186  +1
-0.068995 -0.359314  -1
 2.001838  0.832649  +1
-0.345206  0.154855  -1